    lambda log_likelihood
1    -2.00       73.81843
2    -1.98       74.18580
3    -1.96       74.55093
4    -1.94       74.91382
5    -1.92       75.27444
6    -1.90       75.63278
7    -1.88       75.98884
8    -1.86       76.34260
9    -1.84       76.69405
10   -1.82       77.04318
11   -1.80       77.38997
12   -1.78       77.73442
13   -1.76       78.07651
14   -1.74       78.41623
15   -1.72       78.75358
16   -1.70       79.08853
17   -1.68       79.42108
18   -1.66       79.75121
19   -1.64       80.07892
20   -1.62       80.40419
21   -1.60       80.72702
22   -1.58       81.04738
23   -1.56       81.36528
24   -1.54       81.68070
25   -1.52       81.99362
26   -1.50       82.30404
27   -1.48       82.61195
28   -1.46       82.91733
29   -1.44       83.22018
30   -1.42       83.52049
31   -1.40       83.81824
32   -1.38       84.11342
33   -1.36       84.40603
34   -1.34       84.69605
35   -1.32       84.98348
36   -1.30       85.26830
37   -1.28       85.55050
38   -1.26       85.83008
39   -1.24       86.10703
40   -1.22       86.38132
41   -1.20       86.65297
42   -1.18       86.92195
43   -1.16       87.18826
44   -1.14       87.45188
45   -1.12       87.71282
46   -1.10       87.97106
47   -1.08       88.22659
48   -1.06       88.47940
49   -1.04       88.72948
50   -1.02       88.97684
51   -1.00       89.22145
52   -0.98       89.46331
53   -0.96       89.70241
54   -0.94       89.93875
55   -0.92       90.17232
56   -0.90       90.40310
57   -0.88       90.63110
58   -0.86       90.85631
59   -0.84       91.07871
60   -0.82       91.29830
61   -0.80       91.51508
62   -0.78       91.72903
63   -0.76       91.94016
64   -0.74       92.14845
65   -0.72       92.35391
66   -0.70       92.55652
67   -0.68       92.75627
68   -0.66       92.95317
69   -0.64       93.14721
70   -0.62       93.33838
71   -0.60       93.52667
72   -0.58       93.71209
73   -0.56       93.89463
74   -0.54       94.07428
75   -0.52       94.25104
76   -0.50       94.42491
77   -0.48       94.59588
78   -0.46       94.76395
79   -0.44       94.92911
80   -0.42       95.09137
81   -0.40       95.25071
82   -0.38       95.40715
83   -0.36       95.56066
84   -0.34       95.71126
85   -0.32       95.85894
86   -0.30       96.00369
87   -0.28       96.14552
88   -0.26       96.28442
89   -0.24       96.42040
90   -0.22       96.55345
91   -0.20       96.68357
92   -0.18       96.81076
93   -0.16       96.93503
94   -0.14       97.05636
95   -0.12       97.17476
96   -0.10       97.29023
97   -0.08       97.40278
98   -0.06       97.51239
99   -0.04       97.61908
100  -0.02       97.72284
101   0.00       97.82368
102   0.02       97.92159
103   0.04       98.01659
104   0.06       98.10866
105   0.08       98.19782
106   0.10       98.28406
107   0.12       98.36739
108   0.14       98.44781
109   0.16       98.52533
110   0.18       98.59995
111   0.20       98.67166
112   0.22       98.74048
113   0.24       98.80642
114   0.26       98.86946
115   0.28       98.92962
116   0.30       98.98691
117   0.32       99.04133
118   0.34       99.09288
119   0.36       99.14156
120   0.38       99.18740
121   0.40       99.23038
122   0.42       99.27052
123   0.44       99.30782
124   0.46       99.34229
125   0.48       99.37393
126   0.50       99.40276
127   0.52       99.42878
128   0.54       99.45200
129   0.56       99.47242
130   0.58       99.49005
131   0.60       99.50490
132   0.62       99.51699
133   0.64       99.52630
134   0.66       99.53287
135   0.68       99.53668
136   0.70       99.53776
137   0.72       99.53611
138   0.74       99.53174
139   0.76       99.52467
140   0.78       99.51489
141   0.80       99.50242
142   0.82       99.48727
143   0.84       99.46945
144   0.86       99.44897
145   0.88       99.42584
146   0.90       99.40007
147   0.92       99.37168
148   0.94       99.34066
149   0.96       99.30704
150   0.98       99.27083
151   1.00       99.23203
152   1.02       99.19066
153   1.04       99.14672
154   1.06       99.10024
155   1.08       99.05122
156   1.10       98.99968
157   1.12       98.94562
158   1.14       98.88907
159   1.16       98.83002
160   1.18       98.76850
161   1.20       98.70452
162   1.22       98.63808
163   1.24       98.56921
164   1.26       98.49791
165   1.28       98.42420
166   1.30       98.34810
167   1.32       98.26961
168   1.34       98.18874
169   1.36       98.10552
170   1.38       98.01995
171   1.40       97.93206
172   1.42       97.84184
173   1.44       97.74932
174   1.46       97.65451
175   1.48       97.55742
176   1.50       97.45808
177   1.52       97.35648
178   1.54       97.25265
179   1.56       97.14660
180   1.58       97.03834
181   1.60       96.92789
182   1.62       96.81527
183   1.64       96.70048
184   1.66       96.58354
185   1.68       96.46447
186   1.70       96.34328
187   1.72       96.21998
188   1.74       96.09459
189   1.76       95.96712
190   1.78       95.83759
191   1.80       95.70602
192   1.82       95.57241
193   1.84       95.43678
194   1.86       95.29915
195   1.88       95.15953
196   1.90       95.01793
197   1.92       94.87438
198   1.94       94.72888
199   1.96       94.58144
200   1.98       94.43209
201   2.00       94.28084
