             column unique_count
dataset     dataset            4
method       method           18
has_y         has_y            2
tvae           tvae            2
approach   approach            2
y_synth     y_synth            6
macro_max macro_max           72
macro_end macro_end           72
                                                                                                                                                                                                                                                                                                                                                                                                                                                                                                                                                                                                                                                                                                                                                                                                                                                                                                                                                                                                                                                                                                                                                                                                                                                                                                                                                                                        values
dataset                                                                                                                                                                                                                                                                                                                                                                                                                                                                                                                                                                                                                                                                                                                                                                                                                                                                                                                                                                                                                                                                                                                                                                                                                                                                                                                                                     Adult, Covertype, MNIST12, MNIST28
method                                                                                                                                                                                                                                                                                                                                                                                                                                                                                                                                                                                                                                                                                                                                                                                                                                                                                                                                                                                                                                                                                       categorical, compare_sdv_categorical, compare_sdv_pca_gmm, compare_sdv_rf, compare_sdv_tvae_categoricalNB, compare_sdv_tvae_pca_gmm, compare_sdv_tvae_rf, compare_sdv_tvae_xgb, compare_sdv_xgb, ctgan, pca_gmm, rf, sdv_tvae_categorical, sdv_tvae_pca_gmm, sdv_tvae_rf, sdv_tvae_xgb, tvae, xgb
has_y                                                                                                                                                                                                                                                                                                                                                                                                                                                                                                                                                                                                                                                                                                                                                                                                                                                                                                                                                                                                                                                                                                                                                                                                                                                                                                                                                                                     0, 1
tvae                                                                                                                                                                                                                                                                                                                                                                                                                                                                                                                                                                                                                                                                                                                                                                                                                                                                                                                                                                                                                                                                                                                                                                                                                                                                                                                                                                                      0, 1
approach                                                                                                                                                                                                                                                                                                                                                                                                                                                                                                                                                                                                                                                                                                                                                                                                                                                                                                                                                                                                                                                                                                                                                                                                                                                                                                                                                                              new, old
y_synth                                                                                                                                                                                                                                                                                                                                                                                                                                                                                                                                                                                                                                                                                                                                                                                                                                                                                                                                                                                                                                                                                                                                                                                                                                                                                                                                             ctgan, tvae, categorical, pca_gmm, rf, xgb
macro_max 0.297232071441686, 0.434507947695213, 0.445358108102636, 0.458968388582935, 0.479220362422839, 0.480348134235759, 0.480505529455629, 0.481595237719201, 0.483519528518426, 0.490625434156629, 0.490665113254469, 0.497741498949051, 0.551949185716077, 0.563330421358028, 0.585550597388596, 0.603759174381883, 0.630482116185354, 0.633117605337109, 0.646754193, 0.652716445067396, 0.712710312046687, 0.713843242578042, 0.718470628215018, 0.720889311054937, 0.726056204292245, 0.728127254919644, 0.736476284685015, 0.746145960687984, 0.756167103431368, 0.77174954694637, 0.772435080060991, 0.773570491877384, 0.773667948688328, 0.774334365357081, 0.774805653865905, 0.775322567011704, 0.776620976579954, 0.776811555310235, 0.777014918366352, 0.787593435, 0.794967096262806, 0.798544792997575, 0.799049102, 0.799065477389292, 0.810494561791557, 0.812968196471515, 0.81348905399534, 0.815723914062213, 0.816607461145866, 0.816866654303724, 0.830935481586182, 0.831846886, 0.832237883669711, 0.832613735770689, 0.86757189444519, 0.870782208727256, 0.874902979602804, 0.875096995670288, 0.877000837313915, 0.880160998496735, 0.880732309706116, 0.883717704338977, 0.924846294322351, 0.93142137001289, 0.933050026588026, 0.935625921, 0.940385092884243, 0.944914071375845, 0.947790848480129, 0.948175479274396, 0.961000141100352, 0.961676705854757
macro_end                   0.267245919505186, 0.391620406619296, 0.397543914847909, 0.420312048512177, 0.46786135564948, 0.470391688519029, 0.474843098747026, 0.479833131658219, 0.48018107462547, 0.485523119160186, 0.487556135, 0.490489877, 0.549324491569127, 0.552207159665297, 0.573318105612451, 0.592599912737626, 0.6239965758383, 0.630353604187346, 0.634647358314043, 0.641457689013503, 0.700796183302546, 0.708239720227377, 0.711293672908023, 0.712568275101917, 0.714122390982724, 0.717138671422937, 0.718510577554964, 0.720651244238144, 0.724482567766083, 0.726484036081695, 0.729883199331039, 0.730457513341642, 0.731776554206533, 0.740909893001007, 0.745073962845586, 0.747805859793071, 0.751890228168875, 0.76652670227745, 0.76696388, 0.782912279024365, 0.784158404927209, 0.791463152, 0.794671322010206, 0.796115818965635, 0.805161302116299, 0.806991984407023, 0.809303102656574, 0.810464260135289, 0.813437075, 0.814009528273677, 0.828504185, 0.82856272009548, 0.830115617330462, 0.830451752843594, 0.858753428773511, 0.860829316860696, 0.871146260867658, 0.87275874427491, 0.873409404, 0.875495611914472, 0.878791543637358, 0.881621557248648, 0.921689996836233, 0.928944942288383, 0.930246086026619, 0.932331290053536, 0.93964940071846, 0.942936223583674, 0.946054331048483, 0.94698106682175, 0.959857062876112, 0.960965805402292
